order, robot, generate time, allocate time, deliver time, time to allocate, time to deliver, total time
5,2,1607845129,1607845130,1607845217,1,87,88
3,0,1607845127,1607845128,1607845226,1,98,99
4,1,1607845128,1607845129,1607845227,1,98,99
9,1,1607845133,1607845229,1607845277,96,48,144
6,2,1607845130,1607845219,1607845325,89,106,195
7,3,1607845131,1607845219,1607845337,88,118,206
8,0,1607845132,1607845229,1607845356,97,127,224
11,2,1607845135,1607845326,1607845436,191,110,301
10,1,1607845134,1607845326,1607845438,192,112,304
12,0,1607845136,1607845358,1607845464,222,106,328
13,3,1607845137,1607845358,1607845465,221,107,328
16,0,1607845140,1607845467,1607845508,327,41,368
14,1,1607845138,1607845440,1607845534,302,94,396
15,2,1607845139,1607845440,1607845555,301,115,416
17,3,1607845141,1607845467,1607845568,326,101,427
19,1,1607845143,1607845536,1607845579,393,43,436
18,0,1607845142,1607845536,1607845622,394,86,480
393,2,1607845517,1607845570,1607845633,53,63,116
403,3,1607845527,1607845570,1607845703,43,133,176
501,2,1607845625,1607845635,1607845737,10,102,112
500,1,1607845624,1607845635,1607845737,11,102,113
404,0,1607845528,1607845624,1607845747,96,123,219
