order, robot, generate time, allocate time, deliver time, time to allocate, time to deliver, total time
511,3,1608096056,1608096180,0,124,-1,-1
514,0,1608096059,1608096195,0,136,-1,-1
524,2,1608096069,1608096214,0,145,-1,-1
528,-1,1608096073,0,0,-1,0,-1
553,-1,1608096098,0,0,-1,0,-1
557,-1,1608096102,0,0,-1,0,-1
574,-1,1608096119,0,0,-1,0,-1
580,-1,1608096125,0,0,-1,0,-1
588,-1,1608096133,0,0,-1,0,-1
598,-1,1608096143,0,0,-1,0,-1
626,-1,1608096171,0,0,-1,0,-1
630,-1,1608096175,0,0,-1,0,-1
670,-1,1608096215,0,0,-1,0,-1
