# Exterior Walls
0,0,0,13.76
0,13.76,7.12,13.76
7.12,13.76,7.12,17.56
7.12,17.56,14.5,17.56
14.5,17.56,14.5,13.44
14.5,13.44,35.76,13.44
35.76,13.44,35.76,0
35.76,0,14.89,0
14.89,0,14.89,3.2
8.87,0,8.87,2.66
8.87,0,0,0
8.87,0,14.89,0

# Interior Walls
# Room A
0.25,0.25,0.25,7.61
0.25,7.61,8.62,7.61
8.62,7.61,8.62,4.66
8.62,4.66,8.87,4.66
0.25,0.25,8.62,0.25
8.62,0.25,8.62,2.66
8.62,2.66,8.87,2.66
8.87,4.66,8.87,7.86
8.87,7.86,0.25,7.86
0.25,7.86,0.25,10.06
# Bathroom - Male
0.25,10.06,1.99,10.06
1.99,10.06,1.99,10.31
1.99,10.31,0.25,10.31
0.25,10.31,0.25,13.51
0.25,13.51,3.56,13.51
3.56,13.51,3.56,10.31
3.56,10.31,3.21,10.31
3.21,10.31,3.21,10.06
# Bathroom - Female
3.21,10.06,5.55,10.06
5.55,10.06,5.55,10.31
5.55,10.31,3.81,10.31
3.81,10.31,3.81,13.51
3.81,13.51,7.12,13.51
7.12,13.51,7.12,10.31
7.12,10.31,6.77,10.31
6.77,10.31,6.77,10.06
6.77,10.06,7.95,10.06
# Room B
7.95,10.06,7.95,10.31
7.95,10.31,7.37,10.31
7.37,10.31,7.37,17.31
7.37,17.31,14.24,17.31
14.24,17.31,14.24,10.31
14.24,10.31,9.95,10.31
9.95,10.31,9.95,10.06
9.95,10.06,14.24,10.06
14.24,10.06,14.24,9.42
# Drink Prep
14.24,9.42,14.5,9.42
14.5,9.42,14.5,13.19
14.5,13.19,18.76,13.19
18.76,13.19,18.76,10.19
# Glassware Cleaning
18.76,10.19,19.01,10.19
19.01,10.19,19.01,13.19
19.01,13.19,26.01,13.19
26.01,13.19,26.01,10.19
# Tableware Cleaning
26.01,10.19,26.26,10.19
26.26,10.19,26.26,13.19
26.26,13.19,30.26,13.19
30.26,13.19,30.26,10.19
# Kitchen
30.26,10.19,30.51,10.19
30.51,10.19,30.51,13.19
30.51,13.19,35.51,13.19
35.51,13.19,35.51,0.25
35.51,0.25,30.51,0.25
30.51,0.25,30.51,8.19
30.51,8.19,30.26,8.19
30.26,8.19,30.26,7.96
# Room C
30.26,7.96,17.9,7.96
17.9,7.96,17.9,7.71
17.9,7.71,24.01,7.71
24.01,7.71,24.01,4.98
24.01,4.98,24.26,4.98
24.26,4.98,24.26,7.71
24.26,7.71,30.26,7.71
30.26,7.71,30.26,0.25
30.26,0.25,24.26,0.25
24.26,0.25,24.26,2.98
24.26,2.98,24.01,2.98
24.01,2.98,24.01,0.25
24.01,0.25,15.14,0.25
15.14,0.25,15.14,3.2
15.14,3.2,14.89,3.2

# Furniture
# Drink Prep
15.07,13.19,15.07,9.92
15.07,9.92,14.5,9.42
18.16,13.19,18.16,10.69
18.16,10.69,18.76,10.19
# Glassware Cleaning
19.01,10.19,19.61,10.19
19.61,10.19,19.61,12.19
19.61,12.19,19.86,12.59
19.86,12.59,25.16,12.59
25.16,12.59,25.41,12.19
25.41,12.19,25.41,10.19
25.41,10.19,26.26,10.19
# Tableware Cleaning
26.26,10.19,26.88,10.19
26.88,10.19,26.88,12.86
26.88,12.86,26.26,12.86
27.48,13.19,27.48,12.81
27.48,12.81,29.48,12.81
29.48,12.81,29.48,13.19
30.26,10.3,29.88,10.3
29.88,10.3,29.88,12.7
29.88,12.7,30.26,12.7
# Hostess
10.52,10.06,10.52,7.99
10.52,7.99,13.3,7.99
13.3,7.99,13.3,8.76
13.3,8.76,11.29,8.76
11.29,8.76,11.29,10.06
# Entryway
8.87,0,9.33,0
9.33,0,9.33,2.66
9.33,2.66,8.87,2.66
14.43,0,14.89,0
14.43,0,14.43,3.2
14.43,3.2,14.89,3.2
8.87,4.66,9.39,4.66
9.39,4.66,9.39,7.86
9.39,7.86,8.87,7.86
# Room A
8.62,4.66,8.17,4.66
8.17,4.66,8.17,7.6
8.17,7.6,8.62,7.6
# Kitchen
34.91,7.46,35.51,7.46
34.91,7.46,34.91,11.46
34.91,11.46,35.51,11.46

# Tables & Chairs
# Room A
1,0.25,1,1.62
1,1.62,2.82,1.62
2.82,1.62,2.82,0.25
3.52,0.25,3.52,1.62
3.52,1.62,5.34,1.62
5.34,1.62,5.34,0.25
6.08,0.25,6.08,1.62
6.08,1.62,7.86,1.62
7.86,1.62,7.86,0.25
1,4.77,1,7.2
1,7.2,3.43,7.2
3.43,7.2,3.43,4.77
3.43,4.77,1,4.77
4.83,5.22,4.83,7.2
4.83,7.2,6.81,7.2
6.81,7.2,6.81,5.22
6.81,5.22,4.83,5.22
# Room B
7.37,11.91,8.74,11.91
8.74,11.91,8.74,13.73
8.74,13.73,7.37,13.73
8.56,14.62,8.56,16.9
8.56,16.9,12.97,16.9
12.97,16.9,12.97,14.62
12.97,14.62,8.56,14.62
11.04,10.72,11.04,13.15
11.04,13.15,13.47,13.15
13.47,13.15,13.47,10.72
13.47,10.72,11.04,10.72
# Room C
15.9,0.66,15.9,2.64
15.9,2.64,17.88,2.64
17.88,2.64,17.88,0.66
17.88,0.66,15.9,0.66
18.64,0.66,18.64,2.64
18.64,2.64,20.62,2.64
20.62,2.64,20.62,0.66
20.62,0.66,18.64,0.66
21.38,0.66,21.38,2.64
21.38,2.64,23.36,2.64
23.36,2.64,23.36,0.66
23.36,0.66,21.38,0.66
18.11,4.87,18.11,7.3
18.11,7.3,20.62,7.3
20.62,7.3,20.62,4.87
20.62,4.87,18.11,4.87
21.38,5.32,21.38,7.3
21.38,7.3,23.36,7.3
23.36,7.3,23.36,5.32
23.36,5.32,21.38,5.32
# Room D
24.85,0.66,24.85,2.64
24.85,2.64,26.83,2.64
26.83,2.64,26.83,0.66
26.83,0.66,24.85,0.66
27.24,0.66,27.24,3.09
27.24,3.09,29.67,3.09
29.67,3.09,29.67,0.66
29.67,0.66,27.24,0.66
24.85,5.32,24.85,7.3
24.85,7.3,26.83,7.3
26.83,7.3,26.83,5.32
26.83,5.32,24.85,5.32
27.24,4.87,27.24,7.3
27.24,7.3,29.67,7.3
29.67,7.3,29.67,4.87
29.67,4.87,27.24,4.87