# Corners
0,0,0,12
0,12,9,12
9,12,9,0
9,0,0,0
# Kitchen
3,12,3,10.5
3,10.5,6,10.5
6,10.5,6,12
# Table 1
0.76,6.72,0.76,8.24
0.76,8.24,2.28,8.24
2.28,8.24,2.28,6.72
2.28,6.72,0.76,6.72
# Table 2
3.74,6.72,3.74,8.24
3.74,8.24,5.26,8.24
5.26,8.24,5.26,6.72
5.26,6.72,3.74,6.72
# Table 3
6.72,6.72,6.72,8.24
6.72,8.24,8.24,8.24
8.24,8.24,8.24,6.72
8.24,6.72,6.72,6.72
# Table 4
0.76,3.74,0.76,5.26
0.76,5.26,2.28,5.26
2.28,5.26,2.28,3.74
2.28,3.74,0.76,3.74
# Table 5
3.74,3.74,3.74,5.26
3.74,5.26,5.26,5.26
5.26,5.26,5.26,3.74
5.26,3.74,3.74,3.74
# Table 6
6.72,3.74,6.72,5.26
6.72,5.26,8.24,5.26
8.24,5.26,8.24,3.74
8.24,3.74,6.72,3.74
# Table 7
0.76,0.76,0.76,2.28
0.76,2.28,2.28,2.28
2.28,2.28,2.28,0.76
2.28,0.76,0.76,0.76
# Table 8
3.74,0.76,3.74,2.28
3.74,2.28,5.26,2.28
5.26,2.28,5.26,0.76
5.26,0.76,3.74,0.76
# Table 9
6.72,0.76,6.72,2.28
6.72,2.28,8.24,2.28
8.24,2.28,8.24,0.76
8.24,0.76,6.72,0.76